00000000000000000000000000000000
00000000000000000000000000000000
00000000000000000000000000000110
00000000000000000000000000011110
00000000000000000000000000000000
00000000000000000000000000000110
00000000000000000000000000000000
00000000000000000000000000000000
00000000000000000000000000000110
00000000000000000000000000000110
00000000000000000000000000000000
00000000000000000000000000000110
00000000000000000000000000000110
00000000000000000000000000000000
00000000000000000000000000000000
00000000000000000000000000000000
00000000000000000000000000000110
00000000000000000000000000011110
00000000000000000000000000000101
00000000000000000000000000000101
