00000000000000000000000000000000
00000000000000000000000000000000
01011111111110000000000000000000
00010010000000000000000000000000
00100110100001111000000000000000
00110110110000000000000000000000
01001001000010000000000000000000
01011001000110000000000000000000
01110001010001111000000000001001
01101011010000000100000000000000
10000001000000000000000000001100
01100100100000000100000000000000
10010000000000000000000000000001
10100001000000000000000000001010
01011001001010000000000000000000
01101101100000000100000000000000
10010000000000000000000000001100
00000000000000000000000000000000
01011111111110000000000000000000
00010010000000000000000000000000
00100110100001111000000000000000
00110110110000000000000000000000
01001001000010000000000000000000
01011001000110000000000000000000
01110001010001111000000000001001
01101011010000000100000000000000
10000001000000000000000000001100
01100100100000000100000000000000
10010000000000000000000000000001
10100001000000000000000000001010
01011001001010000000000000000000
01101101100000000100000000000000
10010000000000000000000000001100
00000000000000000000000000000000
01011111111110000000000000000000
00010010000000000000000000000000
00100110100001111000000000000000
00110110110000000000000000000000
01001001000010000000000000000000
01011001000110000000000000000000
01110001010001111000000000001001
01101011010000000100000000000000
10000001000000000000000000001100
01100100100000000100000000000000
10010000000000000000000000000001
10100001000000000000000000001010
01011001001010000000000000000000
01101101100000000100000000000000
10010000000000000000000000001100
00000000000000000000000000000000
