00000000000000000000000000000000
00000000000000000000000000000000
00000000000000000000000000000000
00000000000000000000000000000000
00000000000000000000000000000000
00000000000000000000000000011110
00000000000000000000000000000000
00000000000000000000001001011000
00000000000000000000000000000000
00000000000000000000000000000000
00000000000000000000001000111010
00000000000000000000000000000000
00000000000000000000000000000000
00000000000000000000001000111010
00000000000000000000001000111010
00000000000000000000000000000000
00000000000000000000000000000000
00000000000000000000000000000000
00000000000000000000000000000000
00000000000000000000000000000000
00000000000000000000000000000001
00000000000000000000000000011110
00000000000000000000001000111001
00000000000000000000010010010001
00000000000000000000000000000001
00000000000000000000000000000001
00000000000000000000010001110011
00000000000000000000000000000001
00000000000000000000000000000000
00000000000000000000010001110011
00000000000000000000010001110011
00000000000000000000000000000001
00000000000000000000000000000000
00000000000000000000000000000000
00000000000000000000000000000000
00000000000000000000000000000000
00000000000000000000000000000001
00000000000000000000000000011110
00000000000000000000010001110010
00000000000000000000011011001010
00000000000000000000000000000001
00000000000000000000000000000001
00000000000000000000011010101100
00000000000000000000000000000001
00000000000000000000000000000000
00000000000000000000011010101100
00000000000000000000011010101100
00000000000000000000000000000001
00000000000000000000000000000000
00000000000000000000000000000000
