0 207
1 5055
2 4933
3 10
4 7
5 4774
6 4662
7 5000
8 4947
9 4
10 5372
11 5226
12 4554
13 3463
14 3430
15 2147
16 2146
17 2179
18 5435
19 5508
20 10433
21 12247
22 21595
23 52932
24 54548
25 7855
26 4
27 4
28 4898
29 4790
30 3
31 4499
32 4400
33 5
34 6
35 4903
36 4822
37 2
38 2
39 6
40 4966
41 4862
42 5
43 5
44 4731
45 4637
46 6
47 4832
48 4688
49 3
50 4952
51 4849
52 4
53 4
54 4768
55 4646
56 4643
57 4531
58 4409
59 4315
60 1
61 4207
62 4083
63 1
64 1
65 1
66 1
67 5323
68 4398
69 4280
70 2
71 2
72 4509
73 4401
74 3
75 3
76 4604
77 4496
78 4
79 5225
80 5113
81 3
82 4871
83 4728
84 1
85 4959
86 4882
87 3
88 5434
89 5311
90 7
91 7
92 5362
93 5203
94 2
95 4375
96 4279
97 4
98 3
99 4997
100 4903
101 4
102 4
103 4289
104 4185
105 7
106 3921
107 3830
108 67
109 4325
110 4219
111 6
112 5
113 4501
114 4404
115 1199
116 1167
117 331
118 475
119 373
120 324
121 449
122 342
123 292
124 407
125 304
126 161
127 577
128 705
129 488
130 1242
131 1094
132 441
133 542
134 666
135 1243
136 1182
137 1205
138 1079
139 685
140 1096
141 906
142 895
143 761
144 640
145 987
146 1364
147 1180
148 1616
149 1420
150 701
151 905
152 631
153 1206
154 939
155 919
156 773
157 1090
158 936
159 575
160 973
161 864
162 1183
163 1138
164 529
165 811
166 702
167 1322
168 1209
169 1054
170 983
171 1210
172 1084
173 1247
174 994
175 1151
176 866
177 1301
178 5
179 1398
180 1106
181 706
182 979
183 771
184 929
185 1458
186 1242
187 573
188 781
189 589
190 911
191 768
192 1016
193 895
194 1082
195 1106
196 871
197 1434
198 1215
199 1042
200 916
201 1187
202 1000
203 1329
204 1176
205 1231
206 1027
207 1372
208 1149
209 1553
210 1331
211 1298
212 1085
213 1287
214 1002
215 1076
216 914
217 1123
218 1023
219 859
220 1336
221 1163
222 1399
223 1127
224 1193
225 1823
226 1514
227 874
228 1336
229 1117
