0 00010010000000000000000000000000 12000000
1 00100100010001111000000000000000 24478000
2 00110110100000000000000000000000 36800000
3 01001001000000000000000000000000 49000000
4 01011001000110000000000000000000 59180000
5 01110001010001111000000000001000 71478008
6 01101011010000000100000000000000 6b404000
7 10000001000000000000000000001011 8100000b
8 01100010010000000100000000000000 62404000
9 10010000000000000000000000000001 90000001
a 10100001000000000000000000001001 a1000009
b 01011001001010000000000000000000 59280000
c 01101101100000000100000000000000 6d804000
d 10010000000000000000000000001011 9000000b
